101 102 103 104 105 106 107 108 109 110 111 112 113
114 115 116 117 118 119 120
121 122 123
184 124 125
126 127 128 129 130 131 132 133 134 135 136 137 138 139 140 141 142 143 144 145 146 147
148 149
150 151 152 153 154
155 156 157 158

176 160 401
177 162 101 401
178 164 103 401
179 166 109 401
180 168 132 401

301 309 317 318 316 308
319 320 321
302 310 397 323 315 307
322
303 311 326 395 314 306
325 324
304 312 305 313

169 182 183
170 181
171 175
172 
174
433 509
173

402 405 408
403 406 409
404 407 410
411 420 424
412 421 425
413 422 426
414 423 427
415 428 209
416 429
431 430
432 417
419 418

501
502
503
504
505
507
508
506
509

512 519 524 529
513 520 525 530
514 521 526 531
515 522 527 532
516 523 528 533
517     510
518     511

